layout_spectrum: 0.7914894
color:
  saturation: 0.9
  brandStrength: 0.07600779
  lightness: 0.7787234
  rhythmicContrast: 0.3851064
typography_spectrum: 0.3489362
name: ncsu
